0	1	2	3	4	5	6	7
0	1.000	0.323	0.193	0.239	0.046	0.016	0.103
0	0.323	1.000	0.053	0.060	0.127	0.021	0.180
0	0.193	0.053	1.000	0.175	0.054	0.007	0.029
0	0.239	0.060	0.175	1.000	0.028	0.009	0.048
0	0.046	0.127	0.054	0.028	1.000	0.291	0.122
0	0.016	0.021	0.007	0.009	0.291	1.000	0.169
0	0.103	0.180	0.029	0.048	0.122	0.169	1.000